id,carat,cut,color,clarity,depth,table,x,y,z,model_1,model_2,model_3,model_4,model_5,model_6,model_7,price
0,1.52,Premium,F,VS2,62.2,58,7.27,7.33,4.55,13761.6124,13756.54696,13791.32939,13715.19661,13734.79771,13722.76917,13660.55321,13619
1,2.03,Very Good,J,SI2,62,58,8.06,8.12,5.05,12246.25942,12167.21723,12217.84457,12211.2554,12248.11877,12150.38461,12223.65048,13387
2,0.7,Ideal,G,VS1,61.2,57,5.69,5.73,3.5,2838.352601,2837.282761,2849.527002,2822.457652,2839.210541,2823.713821,2822.48194,2772
3,0.32,Ideal,G,VS1,61.6,56,4.38,4.41,2.71,744.5618445,725.6370352,730.9163374,735.7333949,738.8972183,732.630579,721.7395359,666
4,1.7,Premium,G,VS2,62.6,59,7.65,7.61,4.77,14704.1535,14813.59582,14871.41609,14632.54108,14623.95708,14709.52643,14822.63875,14453
5,1.51,Very Good,J,SI1,62.8,58,7.34,7.29,4.59,7323.611983,7332.999997,7285.573041,7381.637556,7389.183317,7429.470886,7246.936859,7506
6,0.74,Ideal,E,VS2,61.8,57,5.76,5.79,3.57,3179.771666,3209.312538,3207.655426,3201.196091,3214.148004,3193.920738,3250.091244,3229
7,1.34,Premium,G,SI2,62.5,57,7,7.05,4.38,6391.747194,6410.438412,6368.714881,6371.880268,6395.078005,6401.309616,6240.213912,6224
8,0.3,Ideal,F,IF,62,56,4.35,4.37,2.7,946.2434976,949.5102962,948.749765,946.9325848,945.9275013,962.2020054,955.5536785,886
